{
 "cells": [
  {
   "cell_type": "code",
   "execution_count": 2,
   "metadata": {},
   "outputs": [
    {
     "name": "stdout",
     "output_type": "stream",
     "text": [
      "The autoreload extension is already loaded. To reload it, use:\n",
      "  %reload_ext autoreload\n"
     ]
    }
   ],
   "source": [
    "%load_ext autoreload\n",
    "%autoreload 2\n",
    "\n",
    "import numpy as np\n",
    "import pandas as pd\n",
    "\n",
    "import rpy2.robjects as ro\n",
    "from rpy2.robjects.packages import importr\n",
    "from rpy2.robjects import pandas2ri\n",
    "from rpy2.robjects.conversion import localconverter\n",
    "\n",
    "import seaborn as sns\n",
    "import statsmodels.api as sm\n",
    "from sklearn import preprocessing\n",
    "\n",
    "params = {}\n",
    "\n",
    "sns.set_theme(palette=\"colorblind\", rc=params)\n",
    "\n",
    "# Enable automatic conversion between Pandas dataframes and R data.frames\n",
    "pandas2ri.activate()\n",
    "\n",
    "# utils = importr(\"utils\")\n",
    "# utils.chooseCRANmirror(ind=1)  # select the first mirror in the list\n",
    "\n",
    "# utils.install_packages(\"FindIt\")"
   ]
  },
  {
   "cell_type": "code",
   "execution_count": 3,
   "metadata": {},
   "outputs": [
    {
     "ename": "PackageNotInstalledError",
     "evalue": "The R package \"FindIt\" is not installed.",
     "output_type": "error",
     "traceback": [
      "\u001b[0;31m---------------------------------------------------------------------------\u001b[0m",
      "\u001b[0;31mPackageNotInstalledError\u001b[0m                  Traceback (most recent call last)",
      "Cell \u001b[0;32mIn[3], line 3\u001b[0m\n\u001b[1;32m      1\u001b[0m \u001b[38;5;66;03m# Import your required R packages\u001b[39;00m\n\u001b[1;32m      2\u001b[0m base \u001b[38;5;241m=\u001b[39m importr(\u001b[38;5;124m\"\u001b[39m\u001b[38;5;124mbase\u001b[39m\u001b[38;5;124m\"\u001b[39m)\n\u001b[0;32m----> 3\u001b[0m findit \u001b[38;5;241m=\u001b[39m \u001b[43mimportr\u001b[49m\u001b[43m(\u001b[49m\u001b[38;5;124;43m\"\u001b[39;49m\u001b[38;5;124;43mFindIt\u001b[39;49m\u001b[38;5;124;43m\"\u001b[39;49m\u001b[43m)\u001b[49m\n",
      "File \u001b[0;32m/opt/miniconda3/envs/causal/lib/python3.12/site-packages/rpy2/robjects/packages.py:472\u001b[0m, in \u001b[0;36mimportr\u001b[0;34m(name, lib_loc, robject_translations, signature_translation, suppress_messages, on_conflict, symbol_r2python, symbol_resolve, data)\u001b[0m\n\u001b[1;32m    440\u001b[0m \u001b[38;5;250m\u001b[39m\u001b[38;5;124;03m\"\"\" Import an R package.\u001b[39;00m\n\u001b[1;32m    441\u001b[0m \n\u001b[1;32m    442\u001b[0m \u001b[38;5;124;03mArguments:\u001b[39;00m\n\u001b[0;32m   (...)\u001b[0m\n\u001b[1;32m    468\u001b[0m \n\u001b[1;32m    469\u001b[0m \u001b[38;5;124;03m\"\"\"\u001b[39;00m\n\u001b[1;32m    471\u001b[0m \u001b[38;5;28;01mif\u001b[39;00m \u001b[38;5;129;01mnot\u001b[39;00m isinstalled(name, lib_loc\u001b[38;5;241m=\u001b[39mlib_loc):\n\u001b[0;32m--> 472\u001b[0m     \u001b[38;5;28;01mraise\u001b[39;00m PackageNotInstalledError(\n\u001b[1;32m    473\u001b[0m         \u001b[38;5;124m'\u001b[39m\u001b[38;5;124mThe R package \u001b[39m\u001b[38;5;124m\"\u001b[39m\u001b[38;5;132;01m%s\u001b[39;00m\u001b[38;5;124m\"\u001b[39m\u001b[38;5;124m is not installed.\u001b[39m\u001b[38;5;124m'\u001b[39m \u001b[38;5;241m%\u001b[39m name\n\u001b[1;32m    474\u001b[0m     )\n\u001b[1;32m    476\u001b[0m \u001b[38;5;28;01mif\u001b[39;00m suppress_messages:\n\u001b[1;32m    477\u001b[0m     ok \u001b[38;5;241m=\u001b[39m quiet_require(name, lib_loc\u001b[38;5;241m=\u001b[39mlib_loc)\n",
      "\u001b[0;31mPackageNotInstalledError\u001b[0m: The R package \"FindIt\" is not installed."
     ]
    }
   ],
   "source": [
    "# Import your required R packages\n",
    "base = importr(\"base\")\n",
    "findit = importr(\"FindIt\")"
   ]
  },
  {
   "cell_type": "code",
   "execution_count": 4,
   "metadata": {},
   "outputs": [],
   "source": [
    "# Access the dataset as a pandas DataFrame (optional, if you need to manipulate it in Python)\n",
    "with localconverter(ro.default_converter + pandas2ri.converter):\n",
    "    Carlson_df = ro.conversion.rpy2py(ro.r[\"Carlson\"])"
   ]
  },
  {
   "cell_type": "code",
   "execution_count": 5,
   "metadata": {},
   "outputs": [
    {
     "data": {
      "text/plain": [
       "won                  int32\n",
       "newRecordF        category\n",
       "promise           category\n",
       "coeth_voting      category\n",
       "relevantdegree    category\n",
       "respcodeS            int32\n",
       "contestresp        float64\n",
       "dtype: object"
      ]
     },
     "execution_count": 5,
     "metadata": {},
     "output_type": "execute_result"
    }
   ],
   "source": [
    "Carlson_df.dtypes"
   ]
  },
  {
   "cell_type": "code",
   "execution_count": 6,
   "metadata": {},
   "outputs": [
    {
     "name": "stdout",
     "output_type": "stream",
     "text": [
      "\n",
      "Check: the number of levels for factors and whether they are ordered.\n",
      "               levels ordered\n",
      "newRecordF          7    TRUE\n",
      "promise             3    TRUE\n",
      "coeth_voting        2   FALSE\n",
      "relevantdegree      2   FALSE\n"
     ]
    },
    {
     "ename": "ValueError",
     "evalue": "The truth value of an array with more than one element is ambiguous. Use a.any() or a.all()",
     "output_type": "error",
     "traceback": [
      "\u001b[0;31m---------------------------------------------------------------------------\u001b[0m",
      "\u001b[0;31mValueError\u001b[0m                                Traceback (most recent call last)",
      "File \u001b[0;32m/burg/stats/users/adj2147/miniconda3/envs/ml-field-experiments/lib/python3.10/site-packages/IPython/core/formatters.py:344\u001b[0m, in \u001b[0;36mBaseFormatter.__call__\u001b[0;34m(self, obj)\u001b[0m\n\u001b[1;32m    342\u001b[0m     method \u001b[38;5;241m=\u001b[39m get_real_method(obj, \u001b[38;5;28mself\u001b[39m\u001b[38;5;241m.\u001b[39mprint_method)\n\u001b[1;32m    343\u001b[0m     \u001b[38;5;28;01mif\u001b[39;00m method \u001b[38;5;129;01mis\u001b[39;00m \u001b[38;5;129;01mnot\u001b[39;00m \u001b[38;5;28;01mNone\u001b[39;00m:\n\u001b[0;32m--> 344\u001b[0m         \u001b[38;5;28;01mreturn\u001b[39;00m \u001b[43mmethod\u001b[49m\u001b[43m(\u001b[49m\u001b[43m)\u001b[49m\n\u001b[1;32m    345\u001b[0m     \u001b[38;5;28;01mreturn\u001b[39;00m \u001b[38;5;28;01mNone\u001b[39;00m\n\u001b[1;32m    346\u001b[0m \u001b[38;5;28;01melse\u001b[39;00m:\n",
      "File \u001b[0;32m/burg/stats/users/adj2147/miniconda3/envs/ml-field-experiments/lib/python3.10/site-packages/rpy2/robjects/vectors.py:729\u001b[0m, in \u001b[0;36mListVector._repr_html_\u001b[0;34m(self, max_items)\u001b[0m\n\u001b[1;32m    726\u001b[0m \u001b[38;5;28;01mfor\u001b[39;00m i \u001b[38;5;129;01min\u001b[39;00m \u001b[38;5;28mrange\u001b[39m(\u001b[38;5;241m0\u001b[39m, half_items):\n\u001b[1;32m    727\u001b[0m     \u001b[38;5;28;01mtry\u001b[39;00m:\n\u001b[1;32m    728\u001b[0m         name \u001b[38;5;241m=\u001b[39m (rnames[i]\n\u001b[0;32m--> 729\u001b[0m                 \u001b[38;5;28;01mif\u001b[39;00m rnames \u001b[38;5;241m!=\u001b[39m rinterface\u001b[38;5;241m.\u001b[39mNULL \u001b[38;5;28;01melse\u001b[39;00m \u001b[38;5;124m'\u001b[39m\u001b[38;5;124m[no name]\u001b[39m\u001b[38;5;124m'\u001b[39m)\n\u001b[1;32m    730\u001b[0m     \u001b[38;5;28;01mexcept\u001b[39;00m \u001b[38;5;167;01mTypeError\u001b[39;00m:\n\u001b[1;32m    731\u001b[0m         name \u001b[38;5;241m=\u001b[39m \u001b[38;5;124m'\u001b[39m\u001b[38;5;124m[no name]\u001b[39m\u001b[38;5;124m'\u001b[39m\n",
      "\u001b[0;31mValueError\u001b[0m: The truth value of an array with more than one element is ambiguous. Use a.any() or a.all()"
     ]
    },
    {
     "data": {
      "text/plain": [
       "<rpy2.robjects.vectors.ListVector object at 0x155463997680> [RTYPES.VECSXP]\n",
       "R classes: ('CausalANOVA', 'list')\n",
       "[FloatSexp..., ListSexpV..., ListSexpV..., FloatSexp..., ..., BoolSexpV..., StrSexpVe..., FloatSexp..., LangSexpV...]\n",
       "  intercept: <class 'numpy.ndarray'>\n",
       "  array([0.48599908])\n",
       "<rpy2.robjects.vectors.ListVector object at 0x155463997680> [RTYPES.VECSXP]\n",
       "R classes: ('CausalANOVA', 'list')\n",
       "[FloatSexp..., ListSexpV..., ListSexpV..., FloatSexp..., ..., BoolSexpV..., StrSexpVe..., FloatSexp..., LangSexpV...]\n",
       "<rpy2.robjects.vectors.ListVector object at 0x155463997680> [RTYPES.VECSXP]\n",
       "R classes: ('CausalANOVA', 'list')\n",
       "[FloatSexp..., ListSexpV..., ListSexpV..., FloatSexp..., ..., BoolSexpV..., StrSexpVe..., FloatSexp..., LangSexpV...]\n",
       "  vcov: <class 'numpy.ndarray'>\n",
       "  array([[ 5.04371222e-04, -1.06884013e-04, -6.19798762e-05,\n",
       "        -4.48904246e-05, -1.06796620e-04, -1.27675861e-04,\n",
       "        -5.61444273e-05, -2.55432211e-05, -6.50129895e-06,\n",
       "         3.20445200e-05,  1.73336034e-06, -1.73336034e-06,\n",
       "         8.51376935e-06, -8.51376935e-06],\n",
       "       [-1.06884013e-04,  4.46692129e-04, -4.21708336e-05,\n",
       "        -4.84539319e-05, -1.18820879e-04, -9.65228148e-05,\n",
       "        -3.38396569e-05, -3.54670356e-05,  4.38684208e-06,\n",
       "         3.10801935e-05,  6.26381937e-06, -6.26381937e-06,\n",
       "        -2.05799282e-05,  2.05799282e-05],\n",
       "       [-6.19798762e-05, -4.21708336e-05,  4.96110414e-04,\n",
       "        -1.03934258e-04, -1.57484115e-04, -1.31430618e-04,\n",
       "         8.89286347e-07,  4.12938308e-05, -1.58235691e-05,\n",
       "        -2.54702617e-05, -1.58655327e-05,  1.58655327e-05,\n",
       "         8.68924829e-06, -8.68924829e-06],\n",
       "       [-4.48904246e-05, -4.84539319e-05, -1.03934258e-04,\n",
       "         6.75281913e-04, -1.93173412e-04, -2.04344316e-04,\n",
       "        -8.04855714e-05, -1.87154357e-05,  4.05726558e-06,\n",
       "         1.46581701e-05,  2.60217040e-06, -2.60217040e-06,\n",
       "         1.17884971e-05, -1.17884971e-05],\n",
       "       [-1.06796620e-04, -1.18820879e-04, -1.57484115e-04,\n",
       "        -1.93173412e-04,  9.54203077e-04, -2.39127644e-04,\n",
       "        -1.38800408e-04,  3.08172580e-05,  2.76212178e-05,\n",
       "        -5.84384758e-05, -1.03747195e-05,  1.03747195e-05,\n",
       "         1.70534556e-05, -1.70534556e-05],\n",
       "       [-1.27675861e-04, -9.65228148e-05, -1.31430618e-04,\n",
       "        -2.04344316e-04, -2.39127644e-04,  8.97986335e-04,\n",
       "        -9.88850809e-05,  9.61358465e-06, -2.56970899e-05,\n",
       "         1.60835052e-05,  1.94999798e-05, -1.94999798e-05,\n",
       "        -3.57596105e-05,  3.57596105e-05],\n",
       "       [-5.61444273e-05, -3.38396569e-05,  8.89286347e-07,\n",
       "        -8.04855714e-05, -1.38800408e-04, -9.88850809e-05,\n",
       "         4.07265858e-04, -1.99898101e-06,  1.19566324e-05,\n",
       "        -9.95765143e-06, -3.85907771e-06,  3.85907771e-06,\n",
       "         1.02945684e-05, -1.02945684e-05],\n",
       "       [-2.55432211e-05, -3.54670356e-05,  4.12938308e-05,\n",
       "        -1.87154357e-05,  3.08172580e-05,  9.61358465e-06,\n",
       "        -1.99898101e-06,  1.91038900e-04, -8.14995868e-05,\n",
       "        -1.09539313e-04,  2.98456795e-07, -2.98456795e-07,\n",
       "         4.74962784e-06, -4.74962784e-06],\n",
       "       [-6.50129895e-06,  4.38684208e-06, -1.58235691e-05,\n",
       "         4.05726558e-06,  2.76212178e-05, -2.56970899e-05,\n",
       "         1.19566324e-05, -8.14995868e-05,  1.67290668e-04,\n",
       "        -8.57910814e-05, -8.66552854e-06,  8.66552854e-06,\n",
       "        -2.32701573e-06,  2.32701573e-06],\n",
       "       [ 3.20445200e-05,  3.10801935e-05, -2.54702617e-05,\n",
       "         1.46581701e-05, -5.84384758e-05,  1.60835052e-05,\n",
       "        -9.95765143e-06, -1.09539313e-04, -8.57910814e-05,\n",
       "         1.95330395e-04,  8.36707174e-06, -8.36707174e-06,\n",
       "        -2.42261211e-06,  2.42261211e-06],\n",
       "       [ 1.73336034e-06,  6.26381937e-06, -1.58655327e-05,\n",
       "         2.60217040e-06, -1.03747195e-05,  1.94999798e-05,\n",
       "        -3.85907771e-06,  2.98456795e-07, -8.66552854e-06,\n",
       "         8.36707174e-06,  9.09463203e-05, -9.09463203e-05,\n",
       "        -1.25346716e-05,  1.25346716e-05],\n",
       "       [-1.73336034e-06, -6.26381937e-06,  1.58655327e-05,\n",
       "        -2.60217040e-06,  1.03747195e-05, -1.94999798e-05,\n",
       "         3.85907771e-06, -2.98456795e-07,  8.66552854e-06,\n",
       "        -8.36707174e-06, -9.09463203e-05,  9.09463203e-05,\n",
       "         1.25346716e-05, -1.25346716e-05],\n",
       "       [ 8.51376935e-06, -2.05799282e-05,  8.68924829e-06,\n",
       "         1.17884971e-05,  1.70534556e-05, -3.57596105e-05,\n",
       "         1.02945684e-05,  4.74962784e-06, -2.32701573e-06,\n",
       "        -2.42261211e-06, -1.25346716e-05,  1.25346716e-05,\n",
       "         1.10408815e-04, -1.10408815e-04],\n",
       "       [-8.51376935e-06,  2.05799282e-05, -8.68924829e-06,\n",
       "        -1.17884971e-05, -1.70534556e-05,  3.57596105e-05,\n",
       "        -1.02945684e-05, -4.74962784e-06,  2.32701573e-06,\n",
       "         2.42261211e-06,  1.25346716e-05, -1.25346716e-05,\n",
       "        -1.10408815e-04,  1.10408815e-04]])\n",
       "...\n",
       "  AME: <class 'rpy2.robjects.vectors.BoolVector'>\n",
       "  <rpy2.robjects.vectors.BoolVector object at 0x1554637eab80> [RTYPES.LGLSXP]\n",
       "R classes: ('logical',)\n",
       "[       0]\n",
       "  AMIE2: <class 'numpy.ndarray'>\n",
       "  array(['fixed'], dtype='<U5')\n",
       "  AMIE3: <class 'numpy.ndarray'>\n",
       "  array([0.3])\n",
       "  nway: <class 'rpy2.robjects.Formula'>\n",
       "  <rpy2.robjects.Formula object at 0x1554637eb500> [RTYPES.LANGSXP]\n",
       "R classes: ('formula',)"
      ]
     },
     "execution_count": 6,
     "metadata": {},
     "output_type": "execute_result"
    }
   ],
   "source": [
    "# Run your R code\n",
    "ro.r(\n",
    "    \"\"\"\n",
    "library(FindIt)\n",
    "Carlson$newRecordF <- factor(Carlson$newRecordF, ordered=TRUE, levels=c(\"YesLC\", \"YesDis\",\"YesMP\", \"noLC\",\"noDis\",\"noMP\",\"noBusi\"))\n",
    "Carlson$promise <- factor(Carlson$promise, ordered=TRUE, levels=c(\"jobs\",\"clinic\",\"education\"))\n",
    "Carlson$coeth_voting <- factor(Carlson$coeth_voting, ordered=FALSE, levels=c(\"0\",\"1\"))\n",
    "Carlson$relevantdegree <- factor(Carlson$relevantdegree, ordered=FALSE, levels=c(\"0\",\"1\"))\n",
    "\n",
    "fit1 <- CausalANOVA(formula=won ~ newRecordF + promise + coeth_voting + relevantdegree, data=Carlson, pair.id=Carlson$contestresp, diff=TRUE, cluster=Carlson$respcodeS, nway=1)\n",
    "\"\"\"\n",
    ")"
   ]
  },
  {
   "cell_type": "code",
   "execution_count": 7,
   "metadata": {},
   "outputs": [
    {
     "name": "stdout",
     "output_type": "stream",
     "text": [
      " \n",
      "Model:\n",
      " won ~ newRecordF + promise + coeth_voting + relevantdegree\n",
      "******\n",
      "Range:\n",
      "******\n",
      "               range\n",
      "newRecordF     0.164\n",
      "promise        0.035\n",
      "coeth_voting   0.065\n",
      "relevantdegree 0.003\n",
      "*******************************\n",
      "Average Marginal Effects (AME):\n",
      "*******************************\n",
      "         Factor    Levels base     AME Std.Err  2.5%CI 97.5%CI\n",
      "     newRecordF     YesLC       0.1641  0.0320  0.1014  0.2268\n",
      "     newRecordF    YesDis       0.1154  0.0304  0.0559  0.1749\n",
      "     newRecordF     YesMP       0.0930  0.0300  0.0342  0.1519\n",
      "     newRecordF      noLC       0.0292  0.0353 -0.0399  0.0983\n",
      "     newRecordF     noDis       0.1026  0.0405  0.0232  0.1819\n",
      "     newRecordF      noMP       0.0730  0.0388 -0.0030  0.1489\n",
      "     newRecordF    noBusi  ***  0.0000  0.0000  0.0000  0.0000\n",
      "        promise      jobs      -0.0322  0.0246 -0.0804  0.0161\n",
      "        promise    clinic      -0.0352  0.0231 -0.0805  0.0101\n",
      "        promise education  ***  0.0000  0.0000  0.0000  0.0000\n",
      "   coeth_voting         0      -0.0650  0.0191 -0.1024 -0.0276\n",
      "   coeth_voting         1  ***  0.0000  0.0000  0.0000  0.0000\n",
      " relevantdegree         0       0.0025  0.0210 -0.0387  0.0437\n",
      " relevantdegree         1  ***  0.0000  0.0000  0.0000  0.0000\n",
      "\n",
      "$range\n",
      "               range\n",
      "newRecordF     0.164\n",
      "promise        0.035\n",
      "coeth_voting   0.065\n",
      "relevantdegree 0.003\n",
      "\n",
      "$range.name\n",
      "[1] \"newRecordF\"     \"promise\"        \"coeth_voting\"   \"relevantdegree\"\n",
      "\n",
      "$AME\n",
      "                        Factor    Levels base     AME Std.Err  2.5%CI 97.5%CI\n",
      "newRecordF1         newRecordF     YesLC       0.1641  0.0320  0.1014  0.2268\n",
      "newRecordF2         newRecordF    YesDis       0.1154  0.0304  0.0559  0.1749\n",
      "newRecordF3         newRecordF     YesMP       0.0930  0.0300  0.0342  0.1519\n",
      "newRecordF4         newRecordF      noLC       0.0292  0.0353 -0.0399  0.0983\n",
      "newRecordF5         newRecordF     noDis       0.1026  0.0405  0.0232  0.1819\n",
      "newRecordF6         newRecordF      noMP       0.0730  0.0388 -0.0030  0.1489\n",
      "newRecordF7         newRecordF    noBusi  ***  0.0000  0.0000  0.0000  0.0000\n",
      "promise1               promise      jobs      -0.0322  0.0246 -0.0804  0.0161\n",
      "promise2               promise    clinic      -0.0352  0.0231 -0.0805  0.0101\n",
      "promise3               promise education  ***  0.0000  0.0000  0.0000  0.0000\n",
      "coeth_voting1     coeth_voting         0      -0.0650  0.0191 -0.1024 -0.0276\n",
      "coeth_voting2     coeth_voting         1  ***  0.0000  0.0000  0.0000  0.0000\n",
      "relevantdegree1 relevantdegree         0       0.0025  0.0210 -0.0387  0.0437\n",
      "relevantdegree2 relevantdegree         1  ***  0.0000  0.0000  0.0000  0.0000\n",
      "\n",
      "$AMIE2\n",
      "NULL\n",
      "\n",
      "$AMIE3\n",
      "NULL\n",
      "\n",
      "\n"
     ]
    }
   ],
   "source": [
    "# Print summary of fit1\n",
    "print(ro.r(\"summary(fit1)\"))"
   ]
  },
  {
   "cell_type": "code",
   "execution_count": 8,
   "metadata": {},
   "outputs": [
    {
     "data": {
      "text/html": [
       "\n",
       "        <span>IntVector with 1 elements.</span>\n",
       "        <table>\n",
       "        <tbody>\n",
       "          <tr>\n",
       "          \n",
       "            <td>\n",
       "            1\n",
       "            </td>\n",
       "          \n",
       "          </tr>\n",
       "        </tbody>\n",
       "        </table>\n",
       "        "
      ],
      "text/plain": [
       "<rpy2.robjects.vectors.IntVector object at 0x1554602ed280> [RTYPES.INTSXP]\n",
       "R classes: ('integer',)\n",
       "[1]"
      ]
     },
     "execution_count": 8,
     "metadata": {},
     "output_type": "execute_result"
    }
   ],
   "source": [
    "# If you want to plot, note that plots will appear in your R graphical device. For a more integrated approach, consider saving plots to files in R and displaying them in Python.\n",
    "ro.r('pdf(\"fit1_plot.pdf\")')  # Save the plot to a file\n",
    "ro.r(\"plot(fit1)\")\n",
    "ro.r(\"dev.off()\")  # Close the R plot device"
   ]
  },
  {
   "cell_type": "code",
   "execution_count": 9,
   "metadata": {},
   "outputs": [
    {
     "name": "stdout",
     "output_type": "stream",
     "text": [
      "\n",
      "Check: the number of levels for factors and whether they are ordered.\n",
      "               levels ordered\n",
      "newRecordF          7    TRUE\n",
      "promise             3    TRUE\n",
      "coeth_voting        2   FALSE\n",
      "relevantdegree      2   FALSE\n",
      "\n",
      "Analyzing all two-way and three-way interactions...\n"
     ]
    },
    {
     "ename": "ValueError",
     "evalue": "The truth value of an array with more than one element is ambiguous. Use a.any() or a.all()",
     "output_type": "error",
     "traceback": [
      "\u001b[0;31m---------------------------------------------------------------------------\u001b[0m",
      "\u001b[0;31mValueError\u001b[0m                                Traceback (most recent call last)",
      "File \u001b[0;32m/burg/stats/users/adj2147/miniconda3/envs/ml-field-experiments/lib/python3.10/site-packages/IPython/core/formatters.py:344\u001b[0m, in \u001b[0;36mBaseFormatter.__call__\u001b[0;34m(self, obj)\u001b[0m\n\u001b[1;32m    342\u001b[0m     method \u001b[38;5;241m=\u001b[39m get_real_method(obj, \u001b[38;5;28mself\u001b[39m\u001b[38;5;241m.\u001b[39mprint_method)\n\u001b[1;32m    343\u001b[0m     \u001b[38;5;28;01mif\u001b[39;00m method \u001b[38;5;129;01mis\u001b[39;00m \u001b[38;5;129;01mnot\u001b[39;00m \u001b[38;5;28;01mNone\u001b[39;00m:\n\u001b[0;32m--> 344\u001b[0m         \u001b[38;5;28;01mreturn\u001b[39;00m \u001b[43mmethod\u001b[49m\u001b[43m(\u001b[49m\u001b[43m)\u001b[49m\n\u001b[1;32m    345\u001b[0m     \u001b[38;5;28;01mreturn\u001b[39;00m \u001b[38;5;28;01mNone\u001b[39;00m\n\u001b[1;32m    346\u001b[0m \u001b[38;5;28;01melse\u001b[39;00m:\n",
      "File \u001b[0;32m/burg/stats/users/adj2147/miniconda3/envs/ml-field-experiments/lib/python3.10/site-packages/rpy2/robjects/vectors.py:729\u001b[0m, in \u001b[0;36mListVector._repr_html_\u001b[0;34m(self, max_items)\u001b[0m\n\u001b[1;32m    726\u001b[0m \u001b[38;5;28;01mfor\u001b[39;00m i \u001b[38;5;129;01min\u001b[39;00m \u001b[38;5;28mrange\u001b[39m(\u001b[38;5;241m0\u001b[39m, half_items):\n\u001b[1;32m    727\u001b[0m     \u001b[38;5;28;01mtry\u001b[39;00m:\n\u001b[1;32m    728\u001b[0m         name \u001b[38;5;241m=\u001b[39m (rnames[i]\n\u001b[0;32m--> 729\u001b[0m                 \u001b[38;5;28;01mif\u001b[39;00m rnames \u001b[38;5;241m!=\u001b[39m rinterface\u001b[38;5;241m.\u001b[39mNULL \u001b[38;5;28;01melse\u001b[39;00m \u001b[38;5;124m'\u001b[39m\u001b[38;5;124m[no name]\u001b[39m\u001b[38;5;124m'\u001b[39m)\n\u001b[1;32m    730\u001b[0m     \u001b[38;5;28;01mexcept\u001b[39;00m \u001b[38;5;167;01mTypeError\u001b[39;00m:\n\u001b[1;32m    731\u001b[0m         name \u001b[38;5;241m=\u001b[39m \u001b[38;5;124m'\u001b[39m\u001b[38;5;124m[no name]\u001b[39m\u001b[38;5;124m'\u001b[39m\n",
      "\u001b[0;31mValueError\u001b[0m: The truth value of an array with more than one element is ambiguous. Use a.any() or a.all()"
     ]
    },
    {
     "data": {
      "text/plain": [
       "<rpy2.robjects.vectors.ListVector object at 0x1554abf57680> [RTYPES.VECSXP]\n",
       "R classes: ('CausalANOVA', 'list')\n",
       "[FloatSexp..., ListSexpV..., ListSexpV..., FloatSexp..., ..., BoolSexpV..., StrSexpVe..., FloatSexp..., LangSexpV...]\n",
       "  intercept: <class 'numpy.ndarray'>\n",
       "  array([0.48490945])\n",
       "<rpy2.robjects.vectors.ListVector object at 0x1554abf57680> [RTYPES.VECSXP]\n",
       "R classes: ('CausalANOVA', 'list')\n",
       "[FloatSexp..., ListSexpV..., ListSexpV..., FloatSexp..., ..., BoolSexpV..., StrSexpVe..., FloatSexp..., LangSexpV...]\n",
       "<rpy2.robjects.vectors.ListVector object at 0x1554abf57680> [RTYPES.VECSXP]\n",
       "R classes: ('CausalANOVA', 'list')\n",
       "[FloatSexp..., ListSexpV..., ListSexpV..., FloatSexp..., ..., BoolSexpV..., StrSexpVe..., FloatSexp..., LangSexpV...]\n",
       "  vcov: <class 'numpy.ndarray'>\n",
       "  array([[ 8.70081264e-04, -1.57590790e-04, -1.63808483e-04, ...,\n",
       "         1.37557237e-04, -3.24092525e-05,  1.05147984e-04],\n",
       "       [-1.57590790e-04,  5.15613992e-04, -3.65171450e-05, ...,\n",
       "        -2.17355706e-05, -3.14559367e-06, -2.48811643e-05],\n",
       "       [-1.63808483e-04, -3.65171450e-05,  6.55344812e-04, ...,\n",
       "        -5.62301220e-05, -6.28934375e-06, -6.25194657e-05],\n",
       "       ...,\n",
       "       [ 1.37557237e-04, -2.17355706e-05, -5.62301220e-05, ...,\n",
       "         2.37467437e-04, -1.11639919e-04,  1.25827518e-04],\n",
       "       [-3.24092525e-05, -3.14559367e-06, -6.28934375e-06, ...,\n",
       "        -1.11639919e-04,  2.35348006e-04,  1.23708087e-04],\n",
       "       [ 1.05147984e-04, -2.48811643e-05, -6.25194657e-05, ...,\n",
       "         1.25827518e-04,  1.23708087e-04,  2.49535605e-04]])\n",
       "...\n",
       "  AME: <class 'rpy2.robjects.vectors.BoolVector'>\n",
       "  <rpy2.robjects.vectors.BoolVector object at 0x155463809100> [RTYPES.LGLSXP]\n",
       "R classes: ('logical',)\n",
       "[       0]\n",
       "  AMIE2: <class 'numpy.ndarray'>\n",
       "  array(['fixed'], dtype='<U5')\n",
       "  AMIE3: <class 'numpy.ndarray'>\n",
       "  array([0.3])\n",
       "  nway: <class 'rpy2.robjects.Formula'>\n",
       "  <rpy2.robjects.Formula object at 0x1554ab4e3c40> [RTYPES.LANGSXP]\n",
       "R classes: ('formula',)"
      ]
     },
     "execution_count": 9,
     "metadata": {},
     "output_type": "execute_result"
    }
   ],
   "source": [
    "# Run your R code\n",
    "ro.r(\n",
    "    \"\"\"\n",
    "library(FindIt)\n",
    "Carlson$newRecordF <- factor(Carlson$newRecordF, ordered=TRUE, levels=c(\"YesLC\", \"YesDis\",\"YesMP\", \"noLC\",\"noDis\",\"noMP\",\"noBusi\"))\n",
    "Carlson$promise <- factor(Carlson$promise, ordered=TRUE, levels=c(\"jobs\",\"clinic\",\"education\"))\n",
    "Carlson$coeth_voting <- factor(Carlson$coeth_voting, ordered=FALSE, levels=c(\"0\",\"1\"))\n",
    "Carlson$relevantdegree <- factor(Carlson$relevantdegree, ordered=FALSE, levels=c(\"0\",\"1\"))\n",
    "\n",
    "fit1 <- CausalANOVA(formula=won ~ newRecordF + promise + coeth_voting + relevantdegree, data=Carlson, pair.id=Carlson$contestresp, diff=TRUE, cluster=Carlson$respcodeS, nway=3)\n",
    "\"\"\"\n",
    ")"
   ]
  },
  {
   "cell_type": "code",
   "execution_count": 10,
   "metadata": {},
   "outputs": [
    {
     "name": "stdout",
     "output_type": "stream",
     "text": [
      " \n",
      "Model:\n",
      " won ~ . * . * .\n",
      "<environment: 0x8fe52b8>\n",
      "******\n",
      "Range:\n",
      "******\n",
      "                                       range\n",
      "newRecordF                             0.180\n",
      "promise                                0.016\n",
      "coeth_voting                           0.036\n",
      "relevantdegree                         0.029\n",
      "newRecordF:promise                     0.280\n",
      "newRecordF:coeth_voting                0.183\n",
      "newRecordF:relevantdegree              0.081\n",
      "promise:coeth_voting                   0.043\n",
      "promise:relevantdegree                 0.051\n",
      "coeth_voting:relevantdegree            0.040\n",
      "newRecordF:promise:coeth_voting        0.163\n",
      "newRecordF:promise:relevantdegree      0.268\n",
      "newRecordF:coeth_voting:relevantdegree 0.131\n",
      "promise:coeth_voting:relevantdegree    0.021\n",
      "*******************************\n",
      "Average Marginal Effects (AME):\n",
      "*******************************\n",
      "         Factor    Levels base     AME Std.Err  2.5%CI 97.5%CI\n",
      "     newRecordF     YesLC       0.1800  0.0388  0.1040  0.2559\n",
      "     newRecordF    YesDis       0.1388  0.0309  0.0783  0.1993\n",
      "     newRecordF     YesMP       0.1360  0.0332  0.0710  0.2010\n",
      "     newRecordF      noLC       0.0340  0.0394 -0.0432  0.1112\n",
      "     newRecordF     noDis       0.1051  0.0403  0.0260  0.1841\n",
      "     newRecordF      noMP       0.0256  0.0379 -0.0486  0.0998\n",
      "     newRecordF    noBusi  ***  0.0000  0.0000  0.0000  0.0000\n",
      "        promise      jobs      -0.0053  0.0271 -0.0584  0.0478\n",
      "        promise    clinic       0.0108  0.0258 -0.0398  0.0613\n",
      "        promise education  ***  0.0000  0.0000  0.0000  0.0000\n",
      "   coeth_voting         0      -0.0361  0.0217 -0.0787  0.0065\n",
      "   coeth_voting         1  ***  0.0000  0.0000  0.0000  0.0000\n",
      " relevantdegree         0      -0.0288  0.0262 -0.0802  0.0226\n",
      " relevantdegree         1  ***  0.0000  0.0000  0.0000  0.0000\n",
      "\n",
      "********************************************\n",
      "Average Marginal Interaction Effects (AMIE):\n",
      "********************************************\n",
      "Two-way Interactions:\n",
      "                      Factor    Level1    Level2 base    AMIE Std.Err  2.5%CI\n",
      "          newRecordF:promise     YesLC      jobs      -0.0988  0.0443 -0.1856\n",
      "          newRecordF:promise    YesDis      jobs      -0.0897  0.0437 -0.1754\n",
      "          newRecordF:promise     YesMP      jobs      -0.0583  0.0496 -0.1556\n",
      "          newRecordF:promise      noLC      jobs      -0.0075  0.0472 -0.0999\n",
      "          newRecordF:promise     noDis      jobs      -0.0941  0.0542 -0.2003\n",
      "          newRecordF:promise      noMP      jobs       0.0808  0.0495 -0.0163\n",
      "          newRecordF:promise    noBusi      jobs      -0.0582  0.0519 -0.1599\n",
      "          newRecordF:promise     YesLC    clinic      -0.0770  0.0496 -0.1743\n",
      "          newRecordF:promise    YesDis    clinic      -0.0152  0.0422 -0.0980\n",
      "          newRecordF:promise     YesMP    clinic      -0.1011  0.0477 -0.1945\n",
      "          newRecordF:promise      noLC    clinic      -0.0439  0.0438 -0.1296\n",
      "          newRecordF:promise     noDis    clinic       0.0140  0.0543 -0.0925\n",
      "          newRecordF:promise      noMP    clinic      -0.0212  0.0491 -0.1174\n",
      "          newRecordF:promise    noBusi    clinic      -0.0814  0.0518 -0.1829\n",
      "          newRecordF:promise     YesLC education       0.0362  0.0502 -0.0623\n",
      "          newRecordF:promise    YesDis education      -0.0348  0.0432 -0.1194\n",
      "          newRecordF:promise     YesMP education       0.0198  0.0495 -0.0773\n",
      "          newRecordF:promise      noLC education      -0.0883  0.0587 -0.2034\n",
      "          newRecordF:promise     noDis education      -0.0595  0.0571 -0.1715\n",
      "          newRecordF:promise      noMP education      -0.1992  0.0559 -0.3088\n",
      "          newRecordF:promise    noBusi education  ***  0.0000  0.0000  0.0000\n",
      "     newRecordF:coeth_voting     YesLC         0      -0.0385  0.0334 -0.1039\n",
      "     newRecordF:coeth_voting    YesDis         0      -0.0497  0.0281 -0.1048\n",
      "     newRecordF:coeth_voting     YesMP         0      -0.0731  0.0307 -0.1332\n",
      "     newRecordF:coeth_voting      noLC         0       0.0503  0.0343 -0.0168\n",
      "     newRecordF:coeth_voting     noDis         0       0.0335  0.0330 -0.0311\n",
      "     newRecordF:coeth_voting      noMP         0       0.0953  0.0331  0.0304\n",
      "     newRecordF:coeth_voting    noBusi         0       0.0071  0.0382 -0.0678\n",
      "     newRecordF:coeth_voting     YesLC         1       0.0456  0.0387 -0.0303\n",
      "     newRecordF:coeth_voting    YesDis         1       0.0568  0.0288  0.0004\n",
      "     newRecordF:coeth_voting     YesMP         1       0.0802  0.0320  0.0175\n",
      "     newRecordF:coeth_voting      noLC         1      -0.0432  0.0382 -0.1181\n",
      "     newRecordF:coeth_voting     noDis         1      -0.0264  0.0411 -0.1070\n",
      "     newRecordF:coeth_voting      noMP         1      -0.0882  0.0340 -0.1549\n",
      "     newRecordF:coeth_voting    noBusi         1  ***  0.0000  0.0000  0.0000\n",
      "   newRecordF:relevantdegree     YesLC         0      -0.0490  0.0315 -0.1107\n",
      "   newRecordF:relevantdegree    YesDis         0      -0.0095  0.0303 -0.0688\n",
      "   newRecordF:relevantdegree     YesMP         0       0.0152  0.0326 -0.0486\n",
      "   newRecordF:relevantdegree      noLC         0      -0.0242  0.0353 -0.0933\n",
      "   newRecordF:relevantdegree     noDis         0      -0.0544  0.0326 -0.1183\n",
      "   newRecordF:relevantdegree      noMP         0      -0.0041  0.0347 -0.0721\n",
      "   newRecordF:relevantdegree    noBusi         0      -0.0504  0.0415 -0.1317\n",
      "   newRecordF:relevantdegree     YesLC         1      -0.0014  0.0392 -0.0782\n",
      "   newRecordF:relevantdegree    YesDis         1      -0.0409  0.0301 -0.0998\n",
      "   newRecordF:relevantdegree     YesMP         1      -0.0656  0.0346 -0.1335\n",
      "   newRecordF:relevantdegree      noLC         1      -0.0262  0.0374 -0.0994\n",
      "   newRecordF:relevantdegree     noDis         1       0.0040  0.0403 -0.0749\n",
      "   newRecordF:relevantdegree      noMP         1      -0.0464  0.0392 -0.1231\n",
      "   newRecordF:relevantdegree    noBusi         1  ***  0.0000  0.0000  0.0000\n",
      "        promise:coeth_voting      jobs         0       0.0146  0.0164 -0.0174\n",
      "        promise:coeth_voting    clinic         0      -0.0214  0.0163 -0.0534\n",
      "        promise:coeth_voting education         0      -0.0135  0.0337 -0.0796\n",
      "        promise:coeth_voting      jobs         1      -0.0281  0.0289 -0.0847\n",
      "        promise:coeth_voting    clinic         1       0.0079  0.0289 -0.0488\n",
      "        promise:coeth_voting education         1  ***  0.0000  0.0000  0.0000\n",
      "      promise:relevantdegree      jobs         0       0.0256  0.0154 -0.0046\n",
      "      promise:relevantdegree    clinic         0      -0.0160  0.0157 -0.0468\n",
      "      promise:relevantdegree education         0       0.0193  0.0317 -0.0429\n",
      "      promise:relevantdegree      jobs         1      -0.0064  0.0276 -0.0604\n",
      "      promise:relevantdegree    clinic         1       0.0353  0.0270 -0.0177\n",
      "      promise:relevantdegree education         1  ***  0.0000  0.0000  0.0000\n",
      " coeth_voting:relevantdegree         0         0       0.0000  0.0000  0.0000\n",
      " coeth_voting:relevantdegree         1         0      -0.0398  0.0217 -0.0824\n",
      " coeth_voting:relevantdegree         0         1      -0.0398  0.0217 -0.0824\n",
      " coeth_voting:relevantdegree         1         1  ***  0.0000  0.0000  0.0000\n",
      " 97.5%CI\n",
      " -0.0120\n",
      " -0.0039\n",
      "  0.0389\n",
      "  0.0849\n",
      "  0.0121\n",
      "  0.1778\n",
      "  0.0434\n",
      "  0.0203\n",
      "  0.0675\n",
      " -0.0077\n",
      "  0.0419\n",
      "  0.1204\n",
      "  0.0749\n",
      "  0.0200\n",
      "  0.1346\n",
      "  0.0499\n",
      "  0.1168\n",
      "  0.0269\n",
      "  0.0524\n",
      " -0.0896\n",
      "  0.0000\n",
      "  0.0269\n",
      "  0.0055\n",
      " -0.0130\n",
      "  0.1175\n",
      "  0.0981\n",
      "  0.1602\n",
      "  0.0820\n",
      "  0.1216\n",
      "  0.1132\n",
      "  0.1430\n",
      "  0.0316\n",
      "  0.0543\n",
      " -0.0214\n",
      "  0.0000\n",
      "  0.0127\n",
      "  0.0498\n",
      "  0.0790\n",
      "  0.0449\n",
      "  0.0094\n",
      "  0.0640\n",
      "  0.0309\n",
      "  0.0754\n",
      "  0.0180\n",
      "  0.0023\n",
      "  0.0471\n",
      "  0.0830\n",
      "  0.0304\n",
      "  0.0000\n",
      "  0.0467\n",
      "  0.0106\n",
      "  0.0526\n",
      "  0.0285\n",
      "  0.0646\n",
      "  0.0000\n",
      "  0.0558\n",
      "  0.0148\n",
      "  0.0815\n",
      "  0.0477\n",
      "  0.0882\n",
      "  0.0000\n",
      "  0.0000\n",
      "  0.0027\n",
      "  0.0027\n",
      "  0.0000\n",
      "\n",
      "Three-way Interactions:\n",
      "                                 Factor    Level1    Level2 Level3 base    AMIE\n",
      "        newRecordF:promise:coeth_voting     YesLC      jobs      0       0.0474\n",
      "        newRecordF:promise:coeth_voting    YesDis      jobs      0       0.0111\n",
      "        newRecordF:promise:coeth_voting     YesMP      jobs      0      -0.0734\n",
      "        newRecordF:promise:coeth_voting      noLC      jobs      0      -0.0716\n",
      "        newRecordF:promise:coeth_voting     noDis      jobs      0       0.0410\n",
      "        newRecordF:promise:coeth_voting      noMP      jobs      0      -0.0286\n",
      "        newRecordF:promise:coeth_voting    noBusi      jobs      0      -0.0119\n",
      "        newRecordF:promise:coeth_voting     YesLC    clinic      0       0.0097\n",
      "        newRecordF:promise:coeth_voting    YesDis    clinic      0      -0.0645\n",
      "        newRecordF:promise:coeth_voting     YesMP    clinic      0       0.0037\n",
      "        newRecordF:promise:coeth_voting      noLC    clinic      0       0.0544\n",
      "        newRecordF:promise:coeth_voting     noDis    clinic      0      -0.0236\n",
      "        newRecordF:promise:coeth_voting      noMP    clinic      0      -0.0653\n",
      "        newRecordF:promise:coeth_voting    noBusi    clinic      0      -0.0004\n",
      "        newRecordF:promise:coeth_voting     YesLC education      0      -0.0939\n",
      "        newRecordF:promise:coeth_voting    YesDis education      0       0.0166\n",
      "        newRecordF:promise:coeth_voting     YesMP education      0       0.0328\n",
      "        newRecordF:promise:coeth_voting      noLC education      0      -0.0196\n",
      "        newRecordF:promise:coeth_voting     noDis education      0      -0.0543\n",
      "        newRecordF:promise:coeth_voting      noMP education      0       0.0570\n",
      "        newRecordF:promise:coeth_voting    noBusi education      0      -0.0246\n",
      "        newRecordF:promise:coeth_voting     YesLC      jobs      1      -0.0720\n",
      "        newRecordF:promise:coeth_voting    YesDis      jobs      1      -0.0357\n",
      "        newRecordF:promise:coeth_voting     YesMP      jobs      1       0.0488\n",
      "        newRecordF:promise:coeth_voting      noLC      jobs      1       0.0471\n",
      "        newRecordF:promise:coeth_voting     noDis      jobs      1      -0.0656\n",
      "        newRecordF:promise:coeth_voting      noMP      jobs      1       0.0040\n",
      "        newRecordF:promise:coeth_voting    noBusi      jobs      1      -0.0127\n",
      "        newRecordF:promise:coeth_voting     YesLC    clinic      1      -0.0342\n",
      "        newRecordF:promise:coeth_voting    YesDis    clinic      1       0.0399\n",
      "        newRecordF:promise:coeth_voting     YesMP    clinic      1      -0.0283\n",
      "        newRecordF:promise:coeth_voting      noLC    clinic      1      -0.0790\n",
      "        newRecordF:promise:coeth_voting     noDis    clinic      1      -0.0010\n",
      "        newRecordF:promise:coeth_voting      noMP    clinic      1       0.0407\n",
      "        newRecordF:promise:coeth_voting    noBusi    clinic      1      -0.0242\n",
      "        newRecordF:promise:coeth_voting     YesLC education      1       0.0693\n",
      "        newRecordF:promise:coeth_voting    YesDis education      1      -0.0411\n",
      "        newRecordF:promise:coeth_voting     YesMP education      1      -0.0574\n",
      "        newRecordF:promise:coeth_voting      noLC education      1      -0.0050\n",
      "        newRecordF:promise:coeth_voting     noDis education      1       0.0297\n",
      "        newRecordF:promise:coeth_voting      noMP education      1      -0.0816\n",
